#Test R File
x<-c(1,2,3,4,5)